[html-2.jpg]
filters=crop64=1,feee9947;
crop=rect64(feee9947)
moddate=843222436d48d101
width=480
height=800
text=2;140;16;Android Quiz App;Ubuntu;0.074642,0.818173,0.103704,0.000000;v1,4293454056,4294967295,128.000000,1.000000,0.500000,1.000000,700,258,49152;;140;16;Android Quiz App;Ubuntu;0.101021,0.481665,0.059470,6.283185;v1,4293454056,4294967295,128.000000,1.000000,0.500000,1.000000,700,258,49152;;
textactive=1
