[design-1.jpg]
filters=crop64=1,51e54f00ae1af2aa;
crop=rect64(51e54f00ae1af2aa)
moddate=8730bff26c48d101
width=1366
height=768
text=2;139;15;REAL TIME CHAT ;Ubuntu;0.344053,0.725115,0.068387,6.283185;v1,4293454056,4294967295,128.000000,1.000000,0.500000,1.000000,700,258,49152;;141;17;(NODEJS, MONGODB);Ubuntu;0.411157,0.829817,0.030520,6.283185;v1,4293454056,4294967295,128.000000,1.000000,0.500000,1.000000,700,258,49152;;
textactive=1
[design-2.jpg]
filters=crop64=1,10bdff68bc41;
crop=rect64(10bdff68bc41)
moddate=07c1c3206e48d101
width=870
height=1300
text=2;138;17;FACE RECOGNITION&#010;;Waree;0.060267,0.496819,0.060887,6.283185;v1,4278190080,4294967295,128.000000,1.000000,1.000000,1.000000,400,2,49152;;146;25;(MATLAB,MACHINE LEARNING);Waree;0.055774,0.594639,0.035351,6.283185;v1,4294967295,4278190080,128.000000,1.000000,0.250000,1.000000,700,2,49152;;
textactive=1
