[fashion-1.jpg]
filters=crop64=1,19a3199f3bbc384;
crop=rect64(19a3199f3bbc384)
moddate=7df422176d48d101
width=480
height=800
textactive=1
text=2;136;12;ANDROID GAME;Ubuntu;0.106977,0.541091,0.059400,0.000000;v1,4293454056,4294967295,128.000000,1.000000,0.500000,1.000000,700,258,49152;;130;7;(UNITY);Ubuntu;0.358335,0.642501,0.041167,0.000000;v1,4293454056,4294967295,128.000000,1.000000,0.500000,1.000000,700,258,49152;;
